0 0.9116438356164384 0.17682926829268292 0.15205479452054796 0.25121951219512195
0 0.7945205479452054 0.13658536585365855 0.18356164383561643 0.25365853658536586
0 0.6863013698630137 0.21829268292682927 0.1780821917808219 0.2951219512195122
0 0.9 0.4548780487804878 0.16712328767123288 0.13902439024390245
0 0.5027397260273972 0.7073170731707317 0.13424657534246576 0.12195121951219512
0 0.5917808219178082 0.6621951219512195 0.12054794520547946 0.20243902439024392
0 0.6726027397260274 0.5829268292682926 0.18082191780821918 0.2975609756097561
0 0.6773972602739726 0.424390243902439 0.17123287671232876 0.25365853658536586
0 0.5493150684931507 0.37682926829268293 0.1589041095890411 0.24146341463414633
0 0.4301369863013699 0.25121951219512195 0.17534246575342466 0.16097560975609757
0 0.3712328767123288 0.3573170731707317 0.16164383561643836 0.1926829268292683
0 0.2856164383561644 0.37926829268292683 0.16301369863013698 0.16341463414634147
0 0.15684931506849314 0.5134146341463415 0.1136986301369863 0.11463414634146342
0 0.236986301369863 0.5658536585365853 0.16712328767123288 0.17560975609756097
