0 0.15865865865865866 0.08477011494252873 0.2772772772772773 0.14367816091954022
0 0.49099099099099097 0.08548850574712644 0.15115115115115116 0.14798850574712644
0 0.8348348348348348 0.08405172413793104 0.24824824824824826 0.14942528735632182
0 0.13713713713713713 0.2521551724137931 0.2222222222222222 0.15086206896551724
0 0.48898898898898896 0.25395114942528735 0.18118118118118118 0.15301724137931033
0 0.8323323323323323 0.25179597701149425 0.3233233233233233 0.16163793103448276
0 0.16666666666666666 0.40373563218390807 0.26926926926926925 0.12931034482758622
0 0.47847847847847846 0.4155890804597701 0.2702702702702703 0.15876436781609196
0 0.8473473473473473 0.41451149425287354 0.26326326326326327 0.15660919540229884
0 0.8333333333333334 0.5818965517241379 0.3153153153153153 0.14942528735632182
0 0.487987987987988 0.5836925287356322 0.13113113113113112 0.15301724137931033
0 0.15865865865865866 0.5829741379310345 0.23323323323323322 0.1400862068965517
